-29.5572        0.992256        0.273651
-100    0       0
-100    0       0
-100    0       0
-100    0       0
-100    0       0
-100    0       0
-100    0       0
-100    0       0
-100    0       0
-100    0       0
-100    0       0
-100    0       0
-100    0       0
-100    0       0
-100    0       0
-100    0       0
-100    0       0
-100    0       0
-100    0       0
-100    0       0
-100    0       0
-100    0       0
-100    0       0
-100    0       0
-100    0       0
-100    0       0
-100    0       0
-100    0       0
-100    0       0
-100    0       0
-100    0       0
-100    0       0
-100    0       0
-100    0       0
-100    0       0
-100    0       0
-45.7514        0.340712        0
-21.2952        0.908666        0.314644
-16.2041        0.924707        0.357819
-15.6   0.918289        0.494402
-16.4787        0.907548        0.681667
-15.7022        0.930192        0.791563
-16.7708        0.944963        0.796139
-22.4149        0.940722        0.462078
-41.1747        0.965434        0.493338
-24.5268        0.496368        0.166194
-16.5173        -0.228657       0.103707
-15.1335        0.00686644      0.230905
-12.4371        0.883458        0.759328
-8.87541        0.963555        0.858669
-6.6517 0.96564 0.880992
-6.19612        0.96322 0.883414
-7.88054        0.954785        0.858064
-10.3367        0.953668        0.865202
-12.4979        0.942231        0.837694
-15.8113        0.929171        0.74153
-20.7433        0.908711        0.633787
-31.8655        0.970166        0.526241
-38.7137        0.932119        0.31794
-58.5617        0.321972        0
-45.7611        0.850258        0
-44.6917        0.856214        0.191658
-41.2175        0.931905        0.334313
-33.1093        0.974563        0.559735
-29.9004        0.980158        0.57008
-25.3341        0.976789        0.725788
-17.8353        0.967535        0.774645
-13.9454        0.973674        0.875352
-12.7837        0.969663        0.83975
-12.5168        0.962176        0.860002
-12.9908        0.965909        0.862558
-15.8935        0.960093        0.816508
-20.5959        0.983485        0.727512
-22.0786        0.991475        0.847945
-24.9154        0.989914        0.772559
-31.4683        0.984765        0.467384
-55.8797        0.780373        0
-100    0       0
-100    0       0
-100    0       0
-26.8301        0.306778        0.120934
-23.6594        0.0688387       0.152817
-24.3241        -0.31551        0.123997
-25.1294        -0.524898       0.156252
-24.962 -0.578525       0.102467
-24.3746        -0.697131       0.144306
-22.6257        -0.748511       0.199179
-21.6656        -0.726076       0.155417
-22.6027        -0.635582       0.206235
-26.7317        -0.512477       0.12808
-43.0306        0.528194        0.10788
-52.2239        0.657314        0
-33.8031        0.812268        0.153266
-18.6285        0.970641        0.596205
-14.0524        0.972317        0.714442
-12.2275        0.966298        0.871785
-13.3065        0.966577        0.843346
-17.6988        0.973047        0.712769
-20.3902        0.993537        0.829088
-19.7155        0.99496 0.859554
-19.5753        0.995271        0.857328
-19.5902        0.994049        0.859268
-19.7256        0.993913        0.86322
-20.2651        0.994243        0.860164
-20.7746        0.993921        0.8624
-21.0384        0.991734        0.844635
-19.6541        0.988013        0.782844
-15.8388        0.98088 0.845678
-13.3274        0.981418        0.8693
-12.3018        0.977861        0.870058
-11.9784        0.978997        0.86492
-12.0685        0.982266        0.865667
-13.2061        0.980566        0.876841
-17.3705        0.979602        0.767106
-31.1403        0.867485        0.477963
-39.6483        -0.221116       0.175317
-37.8554        -0.241388       0.154142
-31.4295        0.780839        0.297917
-24.0708        0.975171        0.705129
-21.6623        0.99054 0.79382
-21.4838        0.994438        0.87055
-22.3335        0.995423        0.871554
-25.6434        0.990257        0.834292
-33.2164        0.979356        0.58273
-24.4932        0.636629        0.175322
-22.0077        0.557405        0.179139
-23.8744        0.530248        0.259511
-27.2684        0.707556        0.159198
-29.8019        0.792228        0.161009
-31.0378        0.849108        0.172401
-20.911 0.97341 0.659839
-16.4206        0.948852        0.727303
-14.6859        0.933702        0.767119
-15.228 0.940496        0.846986
-18.2997        0.959014        0.772061
-20.5553        0.993682        0.844694
-20.0567        0.99487 0.859812
-20.3878        0.995081        0.862869
-22.2961        0.995326        0.866686
-27.4768        0.983598        0.652173
-31.7561        0.654983        0.173846
-21.9568        0.0465724       0.19331
-18.5798        -0.0628873      0.126363
-19.7409        0.0147002       0.16445
-25.149 0.349865        0.348252
-31.3544        0.345252        0.193759
-35.3624        0.720608        0.317258
-61.6534        0       0
-100    0       0
-100    0       0
-100    0       0
-29.6652        0.832446        0.0689104
-25.9074        0.858667        0.193466
-22.6625        0.907437        0.46737
-19.504 0.935926        0.644817
-18.419 0.945121        0.807344
-16.9774        0.939877        0.775033
-14.5528        0.938226        0.791108
-13.404 0.936818        0.827437
-13.9407        0.943109        0.819747
-14.9023        0.949015        0.818247
-15.7245        0.950156        0.823784
-16.2877        0.959274        0.807334
-16.3649        0.96231 0.829671
-17.098 0.967965        0.833826
-17.9222        0.975936        0.826061
-18.8865        0.978652        0.831704
-19.9921        0.986089        0.834751
-21.0475        0.98827 0.831955
-22.6722        0.991779        0.839721
-23.6635        0.993123        0.774138
-23.3968        0.994508        0.849668
-23.2855        0.994638        0.836525
-23.3354        0.995098        0.844392
-23.6933        0.994599        0.842687
-24.1995        0.993641        0.829841
-25.0708        0.994538        0.831176
-27.0507        0.990753        0.842377
-29.643 0.976945        0.77484
-33.6967        0.945964        0.637935
-34.783 -0.593216       0.10301
-30.7292        -0.771187       0.120601
-29.8756        -0.757907       0.142077
-30.4039        -0.71422        0.181286
-29.8307        -0.734538       0.206457
-30.6681        -0.719776       0.168455
-33.8466        -0.592494       0.127864
-37.5123        -0.506981       0.12464
-51.0464        -0.145624       0.108203
-100    0       0
-100    0       0
-100    0       0
-100    0       0
-100    0       0
-100    0       0
-100    0       0
-100    0       0